1355
4797
3512
3423
2436
1560
2127
2926
1174
2576
4186
2133
1852
3123
3706
956
3832
5136
2487
4773
457
4763
1929
1551
4234
3394
2349
1595
25
217
2012
22
2585
346
1493
3746
3574
152
2702
2249
2690
5159
5202
4653
4631
4020
1002
3461
3606
3656
1132
4250
1231
4673
1273
2206
4193
191
2582
1762
3487
3211
935
3939
1467
502
98
2139
2260
1615
1519
890
4368
4472
3296
3727
684
3341
2030
5347
4382
3467
2509
4586
1870
2693
3150
543
380
463
4254
3572
2596
2931
5234
4655
1583
1006
413
4818
4350
774
741
201
777
4952
4578
4048
5126
4603
1538
2252
1969
1290
1007
4616
1212
920
2392
2488
4275
1785
1022
2569
3648
3230
39
2740
400
255
2717
109
3531
128
4876
4886
5023
4312
263
3069
2780
947
3216
1800
4257
183
1208
3320
508
137
1263
2297
4264
593
299
423
755
5089
623
5216
1776
4496
4812
3207
360
1490
4832
5197
3201
3178
687
2600
2942
3693
2107
2978
1614
1442
2040
2746
4900
905
1574
4104
909
799
2118
1590
1040
1703
3489
4859
1698
3459
3782
2938
2583
2963
3828
3796
3383
2929
2218
4627
4492
4745
5189
827
5060
2933
3615
2188
4780
2848
3323
1985
3421
4174
854
1729
3305
2775
3655
1646
4067
3348
185
408
541
865
1055
3858
731
3481
3987
2627
265
1848
5018
2380
2632
4383
4672
3381
4556
4112
2400
257
1023
208
3909
2021
4304
2394
3800
4777
1128
4867
1248
4589
3757
3525
5155
3291
3379
4985
524
192
1806
1909
2403
3204
3231
3616
4412
2365
3408
4178
3938
2784
3891
1907
1417
1502
3883
1709
3449
4306
1194
2489
3302
1807
3570
1908
3289
4505
2566
3241
756
5267
424
1535
4385
4347
4769
3061
3224
4060
3482
2480
3700
5167
4786
1141
1121
4541
1900
3637
1847
2847
569
5063
3997
3750
1830
2376
634
5145
1536
2375
467
4364
5116
3024
1959
2486
348
250
987
3624
3092
895
202
3917
1113
1750
1801
3980
4489
4303
4839
4924
4887
5153
4911
3792
3863
4246
5051
4155
663
4545
1469
2057
188
2930
4660
2992
4514
1450
2787
1640
428
2599
618
1431
2381
4662
1120
910
3827
1853
489
2954
4635
1140
2892
438
158
4427
316
4570
1202
5007
3244
4130
3206
2468
3741
2256
1988
5071
809
2112
2126
2300
2617
1544
1716
313
1070
545
1613
4964
624
807
5243
1114
4399
4057
3047
3030
2858
2198
2679
3785
1101
271
4921
5138
2287
2649
1171
5346
1175
5186
436
3222
4855
47
1460
726
1702
3776
4949
3004
1066
2971
300
475
4205
3079
2877
1388
3898
3524
2565
353
2536
2503
2842
3605
3896
2631
4536
3003
4469
4372
2332
2548
294
5034
1111
2516
2253
321
4823
501
989
123
1591
4654
4340
699
1261
3393
5072
1628
4800
4149
853
3670
3961
632
1935
1356
5154
537
4944
1837
3691
1079
4848
851
1509
2955
3682
1465
1539
767
1343
5181
2703
4384
442
4737
2420
743
1038
778
1982
5271
2544
2002
3538
5053
1031
5085
1364
480
3368
964
5220
510
529
2912
383
1350
4229
1445
4819
562
682
4445
1446
4084
3545
519
1327
361
1962
3668
3876
4788
5247
4890
990
1683
2654
2010
1868
5272
1458
4216
302
4023
42
3645
3944
3468
659
2689
477
3540
2183
2662
2967
4069
10
1105
1722
981
4868
4563
244
4942
5299
3871
1100
4396
586
2438
1170
3050
560
1107
583
1346
1793
4906
4557
4073
3175
3806
803
4540
1948
4337
3126
1456
1603
4940
319
1667
2677
1060
2774
3747
862
2327
1463
2259
2513
4280
5083
4305
4138
740
2372
2050
4907
1013
495
781
4374
5240
2004
5026
1530
1438
992
2447
511
1275
4159
1765
2111
3116
4802
2368
3367
815
3532
194
4790
2529
4565
942
5340
3979
1160
578
486
860
4198
2458
794
3227
1626
2800
3969
206
2885
458
45
3154
4522
2902
1420
4202
4301
2374
2855
2236
3136
608
4308
1964
4361
2024
3557
455
2223
2925
2243
2769
2950
915
272
3174
2499
4620
2558
931
2818
3954
2541
3850
3927
4778
933
4647
305
570
1017
4185
1219
3590
3826
1440
4380
1266
4501
4916
891
4165
4440
43
2003
1506
1207
5129
3704
4904
437
3814
2309
3680
1239
1630
4584
5201
4026
2637
4086
3122
1237
4767
2220
5105
2884
3777
1688
1526
2189
2761
3403
894
1053
2071
1321
416
3675
5179
4977
2197
2682
4302
2945
4504
1670
4640
2603
2441
3420
4527
4266
3170
3035
944
1559
3266
4562
3596
3254
4168
2481
3440
4779
1452
3760
73
4551
4885
4534
1680
5149
2863
4834
2237
2817
4841
4670
3494
1770
1747
1030
2231
5158
1258
4036
1838
4148
1543
2131
4481
5134
821
1302
3161
3729
4969
403
3498
3652
4144
1990
4146
595
4471
2898
165
2234
1329
2669
4669
2692
169
4446
248
3427
1501
4962
1338
2174
4012
539
1077
4747
2184
4329
2418
3834
1118
3085
1599
2886
1843
3866
872
1240
4755
1039
314
2538
470
3508
4743
3805
1257
2205
4191
879
1032
4008
5079
2734
5188
2604
2186
2062
4796
1832
3336
229
1541
4982
3353
4703
559
3643
3886
4597
3903
4292
2254
696
407
3684
1678
3967
1857
923
1627
2114
5336
1593
1711
629
1706
1181
1572
4749
2589
925
1996
1142
3269
404
3789
3088
1858
3067
3020
2579
5249
3058
714
4814
1461
2570
2916
904
4833
1977
3351
1225
536
2277
3255
5003
557
1757
4083
4419
310
3768
68
3433
253
959
5070
2520
5025
1829
2323
1166
983
4573
2567
2328
4297
1714
4093
3010
823
5226
2789
2061
2322
838
4754
4173
1206
3666
3907
399
2056
1780
3438
694
1687
4929
1739
4532
1394
4772
2077
3793
34
3779
1408
3890
2391
1958
3389
3200
1436
2104
2920
3654
5139
2093
2334
1893
1246
2994
5185
5184
4231
3119
3087
3835
4082
4801
2648
40
4058
2091
864
3065
57
5285
193
3282
3354
2153
903
3844
4521
125
988
1607
1301
4480
4912
3853
1191
4387
4078
2399
1952
2108
1089
4503
3942
971
4070
4
3184
1310
1344
3905
1912
840
887
2136
3822
4213
4121
5200
4843
4560
3360
4135
3892
900
3790
3422
5102
11
3130
3442
1283
5056
157
3051
3078
2011
161
1052
724
1882
4376
660
147
1919
837
2813
906
317
1282
3837
2251
2741
4363
5030
656
2142
4352
1647
3522
4346
3429
1558
4177
2530
462
3430
4030
3759
4931
2105
284
4395
2051
654
1269
2793
4322
4497
5222
61
930
2680
3040
5208
4129
4601
4252
5103
4017
1402
3458
3156
3242
2673
3251
481
1462
3881
1699
1322
2918
3314
1203
4604
2047
3841
4335
4456
1330
4091
214
3239
805
1449
4031
1650
4948
2135
3378
4884
1418
209
1176
1172
1164
3163
643
4410
4824
2726
303
1024
863
9
2856
2670
709
2694
719
3994
3400
2713
2720
1987
2862
2661
4074
4196
1840
4188
3924
3707
5194
4406
4764
2644
3928
4098
3791
999
2873
2406
3055
4103
3042
1234
1357
322
5036
6
4281
4549
5077
4349
3778
2824
1244
1769
2068
3993
5061
31
678
1081
3902
3046
2643
3148
2683
5135
1366
2494
4143
3290
650
3358
3672
657
3567
2805
3008
4548
2608
2788
1477
3022
3798
2834
4053
2485
1672
2267
4750
1531
831
204
4309
1229
4388
1005
3583
3908
775
4223
1682
1455
478
5326
4783
704
5144
1424
2302
177
2854
2483
203
1749
3014
2445
112
3724
4092
2559
2086
3999
2154
3195
579
2968
2246
1187
3142
2019
5050
4221
1404
1210
4294
782
2083
4731
2025
4815
3579
1025
4663
4291
3878
2831
2495
4365
492
1062
581
728
4759
4424
2200
748
3451
1076
3221
566
2477
1334
952
2685
2557
2504
4039
3330
3495
825
1315
1317
2686
3107
4197
3443
3683
3933
2749
2378
4938
1981
4809
1720
2273
3037
4356
4838
1220
3856
288
885
4089
4289
810
754
4255
3019
3424
5303
220
3374
893
2976
3376
1117
1276
2217
3044
3854
2350
716
4634
2125
1093
5065
2316
2771
4201
3614
4226
2634
2897
1922
874
3915
3953
1624
3415
4965
237
3543
3888
4133
3738
444
680
5241
4063
3012
3711
548
2219
5107
2622
2724
4118
4022
1059
1658
1570
691
1972
4544
1995
1308
599
1165
487
3591
1877
3327
2280
720
1528
4265
3212
730
1859
4318
1575
4595
443
1523
3091
3223
1049
3140
1009
2657
1508
561
4381
1811
1035
3321
3182
97
2547
2088
59
2949
1605
1378
3479
482
3192
4803
3416
460
215
3497
448
2117
1485
3292
1866
745
18
2274
2168
980
2638
4974
2387
2714
4240
369
532
4705
1332
1742
4327
1354
241
270
171
430
4359
2993
3593
1352
4423
1905
2404
1951
3730
2225
3132
857
2156
3263
4258
273
4676
1478
4507
344
2320
3181
1387
4442
464
2959
1134
1004
3874
3781
4487
4267
1520
2210
359
3344
1751
5074
4742
3945
376
181
4623
1980
4894
896
793
4822
372
5015
5166
3510
4739
4715
1293
826
3214
1968
622
2811
2045
52
278
871
3714
447
3417
5291
4576
3529
3473
858
5042
941
1566
3936
2996
3641
434
5322
978
472
3547
5164
3357
4362
4994
205
878
1933
5242
3990
4371
2087
2776
2972
4860
1041
4826
1200
2465
3609
1221
226
2853
926
1967
1992
258
3068
2089
28
3843
2501
2074
4090
4751
5022
3469
1482
516
642
4820
2266
122
149
4117
808
5173
1349
847
4315
1841
2708
2201
4766
1447
4976
167
3873
1481
2620
4543
4836
3582
1328
3617
3735
54
759
2369
4664
4519
3234
4771
1483
590
3812
3556
5002
897
1214
1374
239
2563
3418
1115
547
4377
180
3632
5245
4854
5244
4021
4610
4923
4102
2676
2839
4211
4781
2594
1358
2311
473
4261
2711
1725
120
3653
4845
3313
4946
3970
4116
4338
3901
4831
2876
1715
99
1592
3676
5300
4782
4065
2659
5112
3698
3581
718
168
2340
1880
2282
4180
1781
1966
4753
1185
296
3101
1371
3228
2052
582
1331
1149
4277
3948
2597
156
3625
3096
1058
1802
2964
3209
3991
4526
2684
1151
4498
3205
4806
5277
3361
5183
1504
1026
4422
1044
3447
5133
3326
835
1748
1917
1681
2113
1094
3563
4761
5067
4741
1019
2
4137
468
499
1700
1201
3162
2865
5011
746
439
4066
3063
3185
4136
140
4262
1677
2756
2975
1620
4113
3155
427
2794
493
1153
2539
1578
1190
1015
3199
918
3762
1740
5168
3797
4529
370
544
4433
2451
558
3564
3189
521
5037
4002
3147
2128
5203
5123
2928
3650
3406
3695
4558
1809
3893
1529
1353
452
585
3294
1145
498
281
2055
2166
4158
391
2147
1926
2454
178
817
2456
65
4164
3580
5199
4001
5306
4871
131
276
227
4590
1028
4821
3454
2552
2306
4454
35
2895
5278
3638
414
3295
3359
4857
2859
3001
4935
2221
2841
225
1835
4947
2268
491
4482
1068
5052
2473
4152
4370
2034
708
1833
5160
3285
2066
454
324
2934
5250
1961
3187
143
2370
2675
2315
669
2515
4941
461
4328
3808
1085
337
3687
881
4286
2144
4883
3882
5106
2762
1773
4217
3742
761
2641
788
5049
4416
1064
198
1764
3894
2345
3755
4394
1495
2910
3490
1946
1918
2082
4256
1512
3630
5111
2732
3887
3634
666
4421
3405
5076
3968
2531
70
78
435
4200
1631
3412
1196
771
658
613
2215
2759
2151
4925
2361
1047
283
1975
2018
3250
500
2319
2913
2772
432
3857
4077
3845
3780
1685
320
2453
2032
3823
2164
1997
4357
603
4448
3331
3774
135
1884
4081
3134
2160
1391
379
4973
2347
340
3397
2616
2879
104
798
3911
4160
2927
2038
4429
3395
4248
2977
4114
3488
5163
3865
64
4811
2046
58
4028
2907
5040
4025
5104
1082
1940
2636
260
4203
2922
2697
3610
2843
2832
2783
4088
914
4273
1448
218
715
2710
4214
1193
1421
402
4245
4341
1300
4453
2849
5174
876
523
4642
76
2008
4679
290
4827
5113
4466
1
3731
3767
3986
1954
4765
2115
1696
667
4580
1294
2908
2290
3167
3770
970
2781
1488
1527
2688
1370
4413
4251
1213
4537
1297
2946
2339
4629
3521
3690
4107
2540
236
2041
339
4055
3411
2000
4353
2413
449
1106
2647
1638
4475
1999
1774
4865
3851
4910
4735
867
2795
1649
159
1692
96
5013
1704
1782
1931
4333
4323
148
665
4140
5339
773
4366
1227
2572
3889
3076
145
4139
638
5019
814
3513
4528
3626
3318
2961
601
5035
606
4462
4319
4844
1083
785
4095
1697
1098
2310
3588
81
1432
4688
2765
3082
5075
4122
3437
1819
4760
3151
2564
4190
1754
459
2270
4397
2687
1279
105
132
2341
4657
2883
3146
4928
1562
3644
4975
2059
5033
4997
3839
5294
267
3633
2469
1839
385
114
5147
4050
4510
3947
842
4681
1155
1383
3036
2806
1784
2262
111
2084
2298
1777
2428
3444
2960
80
3476
266
1872
3491
1184
795
690
1382
3715
5099
4756
4988
384
3217
2810
5128
1454
63
230
382
1226
446
3431
4298
575
3846
2367
333
3279
1865
282
597
5210
1104
1486
5017
3884
1146
4417
2668
4437
5207
742
1949
3293
3083
689
4550
2987
4835
1817
4968
4873
5038
3237
1625
4044
4269
4018
3713
2678
1348
5297
584
845
3453
2998
5152
1648
844
388
4404
763
3752
3387
3503
1180
3252
312
1473
235
2452
4692
1902
1148
2525
1423
2995
4434
3816
3733
2830
5092
3501
2823
3329
2346
1262
4524
1735
2196
2799
1363
2150
33
3011
3301
1472
5096
3127
2502
308
5059
2263
902
2442
522
594
4045
1873
2435
275
3286
3523
2054
3861
4697
4733
506
2607
5150
4343
291
1890
3820
4513
3316
5161
1611
5324
85
2610
856
962
2827
5091
2860
2533
3492
5046
572
4040
3273
1761
2715
3064
4810
4199
4628
3542
2651
1287
3441
2864
1636
4914
5309
3271
2835
722
5279
1514
3995
2439
82
4932
2149
4106
5055
677
949
3788
2953
2508
3686
1305
3029
5217
5327
4458
1655
550
875
2542
3943
4344
2407
1564
3129
5231
3005
1532
4875
4897
17
2031
668
2159
4922
5237
4179
4987
2951
1660
1927
4474
1268
1842
830
4787
4644
1033
3647
2398
5206
3023
4334
106
3931
1413
3098
1690
3375
4150
2026
1745
1889
685
3561
5048
1379
3772
4378
3949
1815
2364
4465
4358
4863
882
2295
3041
207
2006
2973
27
107
5001
368
2891
2807
2523
4238
591
5069
5212
3474
4619
4473
3398
3754
3106
331
1737
2258
1533
2506
3332
1466
3705
2792
834
2035
5032
2261
4360
92
573
1984
1932
2140
3446
3496
3635
729
2921
706
723
3978
2804
2755
2146
626
4414
4567
4793
3743
2695
2377
859
974
4332
4228
3169
175
1360
124
4694
362
5115
4119
3534
1188
134
1243
1102
1521
3840
1641
2145
3998
4792
3350
1911
4784
373
855
2857
4299
4450
3094
616
605
90
1569
485
3920
3996
1464
1633
4945
1963
4943
645
4727
2974
2072
4517
3084
24
3984
4612
4490
2664
476
4285
4682
1786
869
4061
4389
1752
4641
36
2099
644
3075
3210
596
5344
3895
1864
2766
5057
3183
2666
751
1441
1609
2158
4435
264
4533
1598
972
3597
4726
2228
2355
1634
5094
2410
4535
3864
3965
3810
1822
4645
1494
3190
2235
3951
1654
233
2568
2171
5068
5259
4495
2764
4993
2213
4986
1427
483
1259
5335
4954
1326
3658
2141
4582
580
4467
172
4227
1743
2882
4218
5256
3639
86
3975
3264
2524
3031
3753
287
2257
2956
1109
4816
1412
3555
4127
1826
3470
4355
946
4686
5349
3052
2699
3281
1915
1760
142
186
2645
954
1823
1585
921
2396
3426
4132
4690
2312
1384
3117
3073
1425
3246
5295
783
4538
3104
2822
1396
5229
780
4592
2190
4734
1434
3847
5254
2880
1247
1435
937
4736
5131
3977
1860
2851
1323
3919
2744
3562
2069
2722
2940
693
3771
166
1267
3
3552
1090
1518
850
3514
4776
1249
3493
968
23
1898
4037
2080
639
4054
3432
4554
4853
3306
4271
5193
4056
901
5228
1767
3118
4989
2623
4585
3308
1152
2633
1129
3045
3384
2535
3112
394
1003
2285
129
1437
1849
4331
3959
1600
422
3849
1069
1056
3152
5236
733
4215
565
4156
712
4990
5127
967
5230
3703
802
3559
2321
3535
4770
2889
1947
3815
347
3566
3128
1549
41
1892
5246
3080
766
4290
4637
3157
3613
2202
4379
4167
1637
5066
2181
211
5218
4479
948
2630
1573
721
4014
5020
232
3225
1768
4307
2743
3877
4569
602
2551
5170
5093
2528
868
4622
5088
4762
3283
4531
2090
5264
1169
1209
50
1027
1245
2016
600
880
7
479
2356
3074
1710
1718
3196
3701
5195
4288
5125
4461
3765
127
4933
3021
4126
1422
2358
2625
5087
1668
725
5286
820
3373
2289
2123
664
4571
1701
2484
4011
364
2555
1471
2861
1136
2020
2354
4105
2852
3017
210
3153
5345
2098
2825
707
892
1312
48
4813
1557
5028
3669
1159
3941
2716
3066
973
3862
2278
3904
2707
4068
1618
3333
151
5151
3736
26
1429
4774
4488
1313
5176
4300
3396
924
3976
2593
1731
5078
4708
3407
4486
1960
60
843
912
4600
1497
3280
4927
2048
683
1255
4041
3249
4153
3197
2965
1272
576
542
4019
2709
5000
1061
4208
907
4710
2352
3932
676
2247
53
717
4950
3692
3619
419
2180
2747
3620
1285
661
1936
4775
4224
5298
2275
4516
4638
411
2101
3813
2395
3028
3571
784
5118
30
3356
345
852
4878
4493
469
1617
828
2730
779
5232
3737
4794
4919
3060
1719
812
2735
1586
4237
5311
765
3173
4789
1652
1796
2906
2455
119
3143
2612
4183
398
406
3821
749
184
553
3500
3193
2286
4758
4960
126
986
1286
5223
5219
2826
4851
1565
4494
4232
4477
1619
2838
4658
4862
2296
4316
568
3868
614
2742
1480
4101
4970
3725
3558
4131
651
5021
1368
3016
1491
1588
4553
5316
1479
4630
1887
1645
2619
2248
2402
5142
589
849
3315
2063
3504
564
1096
3139
2490
8
2748
3056
4034
3530
5251
711
325
3511
4187
1925
2474
2812
824
945
4206
2187
3345
3717
497
4016
259
5280
4247
1215
3662
2819
4279
5269
2768
4438
2408
908
1511
1233
3595
4874
3900
652
1938
5225
2385
3208
1581
3875
2595
2760
2283
1333
2165
5029
4449
3748
3483
2013
2314
2073
1689
899
1381
3095
2301
2390
2527
4882
2554
4080
5146
1375
397
1629
653
246
2212
750
4373
2969
5289
2214
4525
958
4752
3186
1554
4617
4621
3057
4632
2070
55
789
4791
4896
2656
4577
285
2719
1563
2915
5062
4310
5082
2177
5114
3194
4936
3584
1653
1794
3740
15
1048
5283
753
2179
5343
1983
839
110
5284
2207
2518
3439
1186
4817
5143
4591
1361
1791
509
2132
1072
3664
4649
3164
979
5288
2983
2379
819
2067
1820
3549
1080
598
3135
4840
1664
2343
2419
2573
770
2500
2970
4850
1036
1797
735
5192
228
3838
1399
1336
3261
3346
2373
1896
2049
1635
625
2336
1778
1766
2110
4075
4652
4613
2134
1651
1950
2279
251
5148
2383
72
4684
703
3349
5047
2389
1099
1632
4712
1810
796
2064
3325
700
292
513
1913
338
349
1204
83
75
4651
2924
1516
1199
352
5005
3973
3220
4367
176
2671
2366
1000
3414
4685
4905
554
297
2561
2430
3694
4259
1577
4272
2845
3636
3569
5338
1045
4872
293
1451
5190
1738
1380
2397
4171
2461
3369
4966
1597
2308
2958
841
3248
474
3720
1846
2242
3165
5314
3113
4451
4930
3317
4141
1522
1507
2353
1910
1414
2731
4693
3974
2449
2553
5180
1042
3236
268
4029
5292
1393
2517
1298
3688
2621
3131
5257
2209
2255
3860
1943
1537
5043
2738
5235
196
4235
2193
2427
662
1657
3518
1831
1567
3869
2078
1659
4915
630
1734
3913
631
3027
996
769
4666
1476
936
934
3697
2580
3885
2614
1251
3763
410
2704
4539
848
1157
4568
2899
4386
5006
5045
1883
1223
252
5329
4375
1753
3402
5039
4007
1717
3515
5124
295
219
3385
2868
1270
3852
3721
816
1021
2281
4889
4241
768
4877
409
2655
3347
1014
390
982
4659
517
2007
4402
4276
116
5268
4722
4730
2437
3071
5260
5140
1901
1894
1133
1733
940
2667
3818
118
4115
393
4956
5119
3745
4125
4674
3177
3679
1091
5274
3100
1589
1281
2941
4913
732
3585
2836
2896
2785
2233
3708
4460
2821
405
4436
1123
189
3257
1580
4979
2335
3673
3380
2417
2989
5024
2443
238
1914
3337
3160
2264
2351
199
4598
975
4602
2545
4407
3232
3988
1916
356
5177
12
3108
1156
1708
2182
4934
705
336
922
2537
5117
3544
2106
1124
3274
1218
1252
2591
3764
254
2952
5016
3342
334
1881
4428
3103
490
1084
800
5122
2325
4587
1409
1610
3622
528
3910
1755
3554
3594
5196
2727
1923
4714
3413
2293
3756
675
2990
627
4369
5165
620
1205
1296
5332
1400
3935
3268
2578
247
1067
1525
3709
3253
4499
950
3923
1340
1499
5156
2478
425
3059
998
701
4109
1989
4599
1306
20
1433
4709
4605
2450
4561
757
4506
4579
637
3696
3665
3628
2820
141
3471
4918
367
3517
2562
3577
4718
2305
395
2901
1303
1415
2043
1320
4400
2303
4123
4004
139
3983
3773
4607
4000
1351
182
1861
5175
1158
1054
3457
4728
1345
3111
3053
4671
5266
813
89
3600
1845
1498
2782
4128
2919
1673
471
1856
2459
1836
1367
1775
3452
611
2814
1372
3334
4864
5014
4207
2674
2425
1684
2939
1712
4470
4908
222
2534
5317
4740
1112
2015
3048
1230
1078
4665
4100
1046
2691
4626
1803
538
3125
4033
3485
445
5090
3256
1192
2124
4500
2211
2828
5031
3761
4409
3077
4858
4342
1956
4230
1316
3726
4892
2130
4881
4596
5305
4706
3428
3842
14
686
1602
4981
681
873
5318
231
2342
2176
2204
4163
1727
951
3918
2498
366
1307
5172
3137
1920
4354
4701
866
1804
2752
4711
822
2521
4463
994
4314
1474
836
5233
4575
4581
4888
1088
2846
4866
5198
2751
5331
1788
3962
4991
3520
1265
737
2903
4476
358
3270
5348
3338
392
3795
342
1604
2044
3202
5
4903
1674
351
4009
3663
5215
588
1686
3311
3803
1278
2549
2914
4049
2172
2745
5239
3568
84
710
621
2739
692
3618
3166
3867
3191
256
993
3312
5120
5293
102
4431
190
386
3176
2522
4072
1798
772
2464
833
3732
2706
5205
2009
