4689
4876
3053
3914
4770
4123
3960
2907
2196
972
2732
2076
215
1775
4188
947
279
4926
1392
1581
1655
666
2041
4237
3205
4067
2127
3151
992
3144
5301
2182
2628
4023
3962
2474
2040
453
5272
462
5309
790
3155
838
381
4052
990
4988
2825
2376
2983
5000
1210
556
4234
305
1603
391
2565
4510
863
1334
1592
2810
1733
4466
2737
4896
3185
3383
3001
5019
2132
2233
2283
845
4039
196
1583
4997
124
1869
938
4776
5181
3342
4568
2656
4063
2592
3154
2578
4714
3452
4561
1570
2108
3119
1690
2246
194
598
4907
1313
1877
3653
5239
4802
1187
1916
464
4494
4216
3932
2697
2559
3560
50
4873
3920
4696
4429
3741
18
2468
3512
4261
3196
147
771
3156
5152
482
605
616
2131
5302
1723
4591
4878
3525
60
4206
3087
685
1974
743
4082
268
4181
2903
1408
3575
2584
3745
337
793
3814
4048
1098
3088
3790
2310
2431
4152
824
3031
288
3748
2389
55
4174
3496
1462
4575
1819
3020
3965
3869
1377
5079
1096
4538
5008
3385
118
5143
3602
1881
4717
1124
2964
4911
5063
4541
3684
916
2481
3299
3929
4350
4576
1905
1301
2153
52
1514
4621
3225
952
1353
34
1533
3672
3981
72
4199
3428
3522
2137
1136
180
3375
1647
4701
1730
3709
5243
4217
4197
31
2745
2781
4294
1275
1483
684
469
2360
803
1549
1563
1054
594
4664
251
1682
3387
5067
3573
1531
4414
627
1801
3153
75
1757
3858
3874
3350
1696
5279
4235
3808
810
432
3178
1935
3593
774
3384
1394
1403
3280
3991
856
1846
1867
166
3802
5144
1046
4602
3663
1637
2338
620
557
2088
2673
2925
2272
442
5189
2022
2922
1474
25
5321
4044
4786
625
5168
2402
4098
122
1508
4750
4918
4551
3773
715
5308
3613
4198
2346
669
1920
4815
3871
1489
2916
273
4421
4178
3231
3820
1153
3243
175
2912
2982
1767
1181
3844
4872
2401
73
2920
1956
4968
4427
5107
2044
2985
2456
2444
1372
376
4708
1156
2842
659
3786
3532
1450
4537
1543
5342
2051
1737
3700
4919
4498
907
2709
17
3702
3189
4364
4461
5252
4488
148
2590
3221
703
590
443
2799
4834
3928
1858
1143
608
230
2857
542
5280
3619
2008
651
574
2688
3655
5133
568
2557
1897
2106
1704
2512
3520
3407
1134
2012
4985
2068
3555
4604
1366
2019
2947
1192
850
1701
4036
22
3638
1585
3669
694
4676
4843
1651
5217
603
2933
5075
1479
4778
4227
4132
2299
4187
2884
3963
2390
4579
5225
3873
1654
2708
4627
2646
3101
3540
1358
2900
4740
4977
878
4821
2636
656
1944
5015
1352
2319
2769
1512
117
2765
4298
686
468
3504
1013
2562
275
4956
2634
3606
2618
4809
4623
4084
2177
5326
4578
1329
2059
2639
336
3742
4952
3891
2671
1686
4679
1382
3818
2824
3306
3652
5108
2908
3746
1635
3642
585
5304
3454
3374
2368
1810
100
5165
4631
769
886
5314
759
828
4884
3149
3457
775
3975
1833
4571
5161
3464
3285
657
866
524
2007
1201
2604
2265
2893
3336
4251
4800
3311
5090
626
2404
371
3529
1193
1237
618
358
4659
805
4826
2462
5339
2221
245
4139
1254
1560
4158
140
3445
734
3592
606
4344
3366
1595
1245
433
5348
80
3599
3092
2882
1527
3987
4635
4002
1551
3563
5201
2482
1036
1058
1731
1129
2249
4083
4444
1817
2614
2145
681
514
2309
4425
2573
5251
1138
2314
4966
119
3783
730
1315
721
698
182
1282
4109
4975
3296
1056
3501
26
247
1132
3862
321
891
2235
2049
2011
716
5099
5066
3695
349
154
3854
4656
2543
329
3857
353
1838
2442
3867
1414
3187
768
2302
2208
229
782
188
5112
3791
5269
4112
487
691
3539
3097
3076
893
2445
2234
414
853
5296
3405
203
2526
4848
4128
3147
4789
564
613
3744
799
5156
1866
820
5147
2380
145
419
136
559
4840
3718
2946
4565
822
2864
4651
425
3792
3194
908
3443
579
3181
2344
3212
483
3838
2381
454
3568
10
2748
3497
3308
2123
4672
4715
687
4617
4868
2519
1095
2525
4437
1125
1160
2831
3186
3033
4825
3611
2510
1994
3974
197
751
5054
1639
355
1564
4657
3179
948
1337
1
2649
3872
2875
4101
250
2410
4028
4970
1069
915
2094
1225
5006
2630
3999
1873
3793
865
4630
312
2147
2327
1963
4529
2735
4986
3254
4050
4573
3100
5215
2998
4306
2480
4703
2430
4465
3836
163
3341
737
1703
1497
1340
3491
5014
858
895
1298
1140
3448
693
342
3629
3561
3241
3332
236
5031
3062
2647
5245
4677
1006
3832
449
2084
4168
1791
4254
589
4954
2394
5106
4709
757
5299
4265
1424
5202
1557
4104
1566
5313
3227
4428
516
4402
2039
2458
1847
4233
4296
4937
3465
41
840
2378
4442
2950
4563
909
4492
70
661
962
899
3378
1979
5240
741
2159
3902
654
4289
629
3693
3558
4961
2105
4767
2956
2130
3701
3557
5219
2264
1912
1952
2392
1859
1785
222
165
3249
1251
2644
1793
1295
1121
2045
5335
2795
3866
1472
3130
1505
1692
897
4753
139
2579
1965
4836
4283
617
2662
4404
537
231
403
3367
3713
5317
900
1970
3344
740
2899
2527
583
3135
467
781
292
3111
211
2354
3476
1886
3564
2996
640
5340
158
985
3542
1631
3325
619
5149
1709
2928
3580
3431
4133
4053
5277
1361
2802
4302
3752
5150
1504
178
5232
2223
998
3674
3234
601
4450
3721
502
4525
2498
361
1354
4061
2495
68
3507
2341
1621
3569
3834
1027
4467
1699
4598
4637
2674
718
1447
5297
172
1238
3632
1980
812
536
1679
2879
4962
1575
2437
3406
4156
2101
1262
1607
544
1818
4728
3948
2926
3994
3643
580
2625
3099
3803
1520
5145
2015
252
112
2141
5170
2686
717
1908
3035
3283
4229
600
2522
726
4819
4186
3361
4386
253
1449
5222
4581
5233
979
1090
1532
4086
5120
4435
876
3330
430
5
4713
4016
2508
3356
827
1026
459
5291
2313
1738
3237
499
3016
4246
1427
4331
1687
1518
4007
5235
1033
2974
2242
1987
4670
3419
1720
723
4762
3547
4214
4912
3394
801
2295
5118
869
2861
1158
3206
3947
2892
4340
227
1787
5236
4917
3758
3735
1081
3977
4248
4887
4127
4087
4196
1104
5172
297
335
327
5135
3424
2872
1413
2838
4780
538
1144
160
270
3759
1614
4644
3224
4810
709
3495
3973
272
2622
5169
2261
1385
5130
181
3538
3647
3683
5082
1133
2593
3068
4200
4921
2278
1411
3776
1323
643
1976
3226
663
4300
3656
3316
4193
3090
53
3729
1742
1218
3197
802
2181
5289
2211
3251
238
5077
680
2866
3026
1883
439
4138
595
2741
2270
1525
4642
924
1154
320
817
1004
3650
2540
2915
3698
2435
2569
5056
2370
3117
135
2771
4022
2128
293
3422
388
3027
4940
2170
1770
4634
529
2822
4366
1335
2263
2372
5098
4736
5083
3898
4858
936
3307
748
3936
309
2776
1422
918
2902
1613
3939
5164
3071
1590
3433
3897
3439
3856
4969
879
5069
210
4554
5113
565
266
104
591
4548
3717
3614
558
784
4903
4574
4839
4745
2898
2450
436
4159
4049
3377
3301
2677
3860
3108
1062
5166
5231
3368
2158
366
1128
2050
3381
2586
1845
2334
4862
4144
4929
4033
2026
513
4190
3160
4688
3578
3401
2774
1735
1499
3688
569
2250
1807
3859
2386
3940
711
1995
3257
4010
1966
3011
3320
5256
4853
2067
582
1625
1638
4900
4857
5254
2408
4451
708
1676
4362
3983
993
1180
1803
4269
4979
2552
705
1493
1041
2670
4191
5285
3490
4504
4841
658
941
4817
3357
3795
3754
1646
725
4316
2621
3894
1697
4075
1157
2413
3597
11
3636
2375
3193
5282
3609
5037
1887
4055
3230
5141
5175
4544
2328
815
2901
1407
1959
3437
1926
4771
2297
2024
3933
1753
3059
575
1388
4493
3104
2641
5127
1984
4024
3141
1429
3904
287
630
4299
974
1370
4060
1556
1765
4453
1673
778
906
4757
928
5060
622
3848
3282
3455
2616
5136
99
3286
2439
295
4758
3665
4464
278
1105
4948
4928
2582
1523
3876
2332
844
813
4474
1454
3333
460
1114
2851
3731
4074
4398
141
2954
662
1567
5216
4545
5265
28
937
4352
3055
4629
434
1907
2687
4669
3069
4357
3662
1189
3770
3247
4813
4655
2226
4019
2205
533
2339
4741
5028
4245
4393
4172
1355
3163
4535
1373
39
3450
5237
4440
4189
461
9
1048
4351
3460
3913
4169
2478
3362
2633
92
2877
1165
905
3106
2479
1988
506
4729
2883
2847
2449
701
3907
3402
2218
4076
3870
489
2955
171
4775
933
5298
528
4883
1915
1149
2657
5246
4690
4902
4449
2886
8
2924
5034
1598
1416
2496
2451
4473
2490
3524
3165
360
4363
678
3456
3157
2004
3740
4844
2090
2844
323
2747
2977
4263
4711
2144
2312
2528
2585
333
3418
2403
4628
2620
241
2185
2534
1964
4457
3909
1276
566
3694
2854
4445
1706
541
602
3467
2619
1633
202
2720
3825
174
4194
3590
5036
511
184
2373
296
4867
4114
254
3849
2304
3714
3878
2078
1933
4855
4090
455
5001
3173
2531
2719
2030
2455
201
4358
3815
422
3051
217
3238
2345
1936
3005
472
4661
2966
2353
1164
128
4308
779
988
3724
3704
2689
4784
4242
3887
1418
3970
1609
3725
2063
4742
4329
2184
1688
4486
5338
2707
3828
5148
1880
857
5196
4487
1668
3140
1857
244
3554
3116
2216
5048
1622
1597
2930
494
1267
96
1249
804
1982
1913
3630
1478
2817
885
4812
2541
2969
3971
4994
384
393
4271
4737
4974
1604
1535
1521
1889
5266
3549
269
4801
4739
4478
1280
904
4983
794
2035
554
3124
2154
427
3720
2594
752
3252
4401
474
3581
83
3604
1266
3109
319
1139
1573
308
2457
1100
1761
5025
5206
2650
4518
1174
5185
1861
3409
3579
3242
2537
290
2835
4851
4930
4469
4597
1509
1868
3468
1083
956
1792
2690
2679
405
3739
1215
5184
5303
1305
4850
1400
1750
1762
5134
510
1786
2613
5109
5195
3199
3441
3479
1837
745
48
2608
2252
5087
1618
4100
1914
2168
700
3473
2214
3480
4463
3582
5139
225
1208
4025
1831
2971
842
4376
5026
1085
3195
772
1252
2097
111
4381
1903
1670
1381
379
2497
3556
4905
4041
2180
123
4443
785
2895
169
2704
3957
3029
3273
4141
5088
3889
3434
1481
2713
986
3845
62
267
2350
4941
4267
2477
1350
2467
3612
1946
213
4833
4291
3400
4257
1294
1412
2096
2167
2206
2151
4871
2772
84
452
2203
3481
235
2675
2152
1387
3567
930
1650
1103
3774
2749
4507
753
500
1389
4092
2784
477
5035
2523
1261
2074
4077
3768
849
761
3850
2790
689
519
4378
4122
4601
265
343
4379
3627
344
4202
5103
1751
3864
578
4934
2245
1948
5271
1188
2973
754
3831
1064
5268
3223
2538
2204
3785
161
3045
3459
1220
4788
964
3778
233
1977
190
4882
4110
5174
5290
2367
36
623
4292
862
3274
1194
5153
807
368
3263
3397
3865
4439
149
1591
5223
3946
1286
4259
696
586
463
3781
4323
4286
4945
4791
518
1421
3986
1212
949
2715
4117
3513
2082
543
484
3517
3451
1310
3052
3369
4370
3235
3901
5283
3944
4045
3817
4396
2200
2197
3843
1904
4596
322
4088
963
2425
485
996
1488
4373
2919
1530
728
1641
4281
1578
1216
1442
2129
4479
4585
4724
4685
1821
860
1957
4008
2
42
1285
4777
846
4550
3485
816
2632
2716
1080
3722
2166
5322
501
219
4931
4333
4342
4387
1997
1012
872
5081
1657
954
4675
2805
2994
5200
4160
5230
4231
5346
4558
2104
1159
2965
3910
4888
1287
2787
767
4277
3058
4377
989
1437
837
1506
4681
2934
1931
2986
2692
892
2599
3900
1892
1391
665
3170
1780
2021
4284
5331
776
1482
2793
2945
2436
2231
4908
1605
4652
2099
2509
316
382
4996
1118
2859
3081
2087
596
5140
4754
4837
1496
2188
2171
302
597
352
1747
5155
3777
682
1648
1050
4577
1629
1399
444
4380
4662
3879
1918
4119
2849
4556
4230
3413
1853
4950
4017
1186
571
2322
3112
5122
3360
5051
4832
982
4356
1683
3911
1476
2740
913
2751
765
3661
3289
4179
456
3363
5249
2702
5345
1644
2275
341
3712
3347
2939
3531
3915
945
14
2564
65
5247
2100
3168
2311
204
5257
1796
2400
4322
258
199
925
495
1538
208
3129
3021
1061
2987
2694
1296
2940
2016
7
4539
1878
2858
2189
5024
1127
5016
5046
942
4570
5124
4590
2815
1480
1758
1302
1850
2358
246
2706
1368
2952
1526
4838
2210
5111
2504
4093
4037
3953
3743
264
2568
2941
1173
2841
369
4697
1148
1745
2427
1152
2539
3182
152
2102
1893
4897
2190
2303
773
4472
3440
1265
4118
1404
107
3380
3010
848
1371
4881
2369
5278
105
1498
3668
3908
5043
2503
3305
2213
1457
1141
1035
1200
1961
3753
2853
257
2486
3788
2093
1528
351
4927
1256
1409
2863
2500
373
3190
867
5163
4021
4312
2089
3184
621
3353
4869
4490
2160
1501
2395
276
1760
1290
1241
176
4793
2466
2156
3992
5138
4365
4303
2885
1898
389
4796
3705
248
3670
356
4647
5039
2823
795
2282
3415
3691
2418
637
4137
4309
4073
1402
2826
3751
1841
347
3253
5190
1206
1380
1636
1440
1015
2711
1053
3309
2179
2305
1950
4592
3389
789
3644
496
4893
1569
1234
4173
731
2215
5029
733
4932
2607
3801
1574
4938
4936
1278
78
4078
4530
4367
3500
4782
424
4877
1076
1420
1328
2738
843
205
5192
994
809
5011
4029
1732
2806
3861
3757
3255
306
1221
508
3266
4143
1507
1580
110
1321
4280
2133
4654
2254
5194
2865
4129
1843
359
3421
435
209
20
1788
2862
3534
5295
4071
4094
4070
3008
4273
2416
2397
125
1985
955
1828
2610
2267
1465
944
4004
1086
372
4149
396
968
120
2306
3171
1171
1259
303
1486
5129
2501
1196
3641
4391
4761
1433
2778
3572
1032
5159
5208
645
2176
2364
946
4803
4806
3222
742
5276
4213
3009
1230
4003
2666
3951
4663
2193
4567
1438
281
3559
3584
3136
5167
2638
4875
4020
2298
2896
874
4462
1336
3115
1749
446
2957
2856
3881
706
1725
3566
2570
3248
1666
3863
3682
4613
5316
4632
2300
2454
399
664
1900
2447
1227
1879
1042
1511
3657
1460
3892
1922
4293
1752
4527
521
3420
324
3923
3515
3543
106
2796
4264
5173
835
82
3942
2931
3264
5234
2465
2488
4743
2768
3617
4460
5203
5218
214
2315
4610
4792
3132
1235
377
4153
1740
4372
3732
3270
788
1312
1078
3969
4584
4987
3715
2013
2542
1840
667
3521
3358
2906
4102
4327
3600
639
4829
277
3372
1052
2116
2475
4369
1229
3432
3139
3295
2187
3583
2545
4136
4764
3408
348
1894
814
1500
1112
1386
3576
2731
3979
284
3318
283
1260
2660
1715
4205
3690
1067
301
2551
2518
3435
3819
1969
4720
132
3423
2814
3315
4499
4747
109
561
2800
1406
2186
407
134
4645
4935
1678
3314
5205
2682
3635
3470
1992
3998
2744
4456
1611
2140
5207
806
2734
3492
3800
475
428
1640
4958
3338
3961
1713
3348
3103
3625
2997
4692
4438
5328
1155
3823
2869
1822
1554
2759
367
5227
2821
4516
2937
1072
3040
4454
4458
2827
1848
4769
33
959
1005
3949
2989
2325
2201
1764
4165
5007
5344
5281
2080
4959
4394
3562
3265
3096
1716
4640
2967
2387
4375
1214
2028
4964
2664
1856
476
4241
4756
2134
4400
4811
2683
4555
2071
831
2627
950
3395
4140
3780
5292
1044
3028
4115
2032
1628
3552
3697
1477
1024
3482
3403
1047
4886
4552
3220
1891
1652
2110
2054
599
3646
3852
3079
5032
2142
4095
3771
3687
4923
3065
3098
3475
1378
1111
4030
3784
93
3875
4247
975
3877
3346
4944
5250
3041
1626
4607
4694
2146
1755
4032
4727
3246
2970
3004
1204
2157
4161
3978
984
1774
999
40
4027
4335
3291
1874
5327
490
873
5102
191
1736
1884
4455
1589
2209
2057
1630
5197
3762
2056
1226
978
3064
5104
3993
3890
969
3675
3841
1455
713
4131
1091
143
2441
2873
5306
3293
2391
3851
4397
1367
3365
3882
3822
2268
4915
1714
2320
4204
5092
2958
409
5244
1473
4218
3585
821
2031
5061
4253
2703
317
58
1999
3620
3493
1146
3061
3673
2407
3211
218
2832
1804
3075
5072
2296
1805
3816
4599
4066
1432
261
707
3094
823
3972
3175
4557
2889
1632
888
2846
926
5336
4034
1681
2693
4684
5057
4228
1257
5286
2219
5125
4211
2665
216
1255
2845
1669
3376
914
3288
2366
3658
1901
3200
3767
5094
581
729
4495
5146
877
2352
4209
3351
1453
1983
3105
1101
4148
4660
548
4605
5085
2549
5329
3334
1060
2968
4528
1746
2228
3317
2055
1708
4726
3931
3131
4749
4899
2349
2766
3461
1397
3425
1852
4419
4258
2326
2595
3446
4649
3442
2750
4164
4015
808
695
61
380
4068
692
4856
3648
5160
526
5020
127
2668
3896
5349
4818
3122
1587
3906
4641
1502
1620
1176
4820
3835
2453
5091
4361
2048
1028
4845
1332
2293
497
2281
183
5002
2000
2114
4410
2961
1939
5021
151
64
4687
4476
3733
2953
4328
2463
1307
2942
4185
5212
2259
4480
2728
1558
1446
2494
2730
4976
5105
1544
4514
852
1667
2978
4180
447
4416
2042
3794
1142
634
395
2086
2003
4587
1949
2558
1452
2253
1322
1326
2780
4751
3063
3917
4475
2125
1001
4409
1600
5220
2066
3990
3494
2918
1743
1025
4399
4147
1660
3060
2929
1184
2336
4562
3798
4835
457
4468
332
1572
746
2743
624
2739
291
2323
3067
1451
4763
4774
4348
4616
59
4389
5242
1586
3192
411
3893
4354
5154
1009
2521
2002
3202
4866
811
5042
3164
4885
4600
2645
3510
1364
3622
5089
4947
2804
4448
1088
2098
1316
3935
13
2255
3680
3326
3618
2172
157
1223
5142
4831
2248
3321
4543
5018
1685
1263
426
4906
2975
4
970
2247
3995
1269
3329
847
1902
545
3796
1017
5293
1834
3772
4431
3048
2487
1645
638
3833
3985
2061
2301
4760
285
2617
1773
1748
4500
604
1405
1191
3158
4712
2118
3453
2936
3679
2517
550
159
4056
3634
3236
971
3686
4332
5119
1231
3239
3840
3125
5183
4105
4827
2963
2807
410
2308
4787
2887
479
780
642
4965
2198
1617
4324
2469
1434
23
4710
2428
438
1360
2374
1117
3083
1068
2274
4318
4491
3133
471
3926
2833
346
1832
2257
4384
3750
890
3594
4481
3245
3506
458
1341
3276
3885
1562
653
3268
1519
851
3176
2379
1115
3126
390
4272
339
2685
4120
63
3945
3676
1766
4933
1839
4733
3886
2471
3938
1658
650
4405
3544
1885
131
1107
493
5318
1672
77
2150
1039
2335
3169
2764
406
1293
5128
232
2746
4403
3313
5210
3167
1794
4718
4054
1038
4035
1456
2018
234
2115
902
4221
1099
1333
1425
168
2775
5284
910
334
509
3678
738
1664
3708
1303
2290
1910
3628
2092
2722
4982
3810
3319
593
5347
3637
1863
1471
1093
2388
887
1870
1073
2277
2548
1811
894
4686
3436
2356
3177
1300
237
4752
2043
4305
4971
4388
4360
4433
3085
4766
1923
648
5040
3730
1577
2993
2038
1384
1055
3761
2725
4353
3113
4057
4991
1719
3545
3514
2852
12
1070
314
5038
189
1768
1270
1113
2212
4208
1199
2529
4653
1610
2220
4072
5178
2792
1777
3269
2631
1674
2959
2239
1599
4534
325
1135
5241
674
3044
3518
4772
129
1172
2897
1277
2342
3429
400
4894
2812
114
2651
1958
3261
854
4503
3414
2669
3839
5300
239
880
4521
1057
4252
632
3736
4854
4890
1545
2637
1308
3427
263
1601
3012
1494
2502
5096
3032
4611
386
2612
2623
4238
2515
1435
800
871
4913
3458
3883
223
923
5123
4925
4266
4080
1346
4285
3250
2174
3049
1967
1836
3498
4018
4422
588
3412
5052
4240
4705
3988
4091
3927
1932
4993
722
3030
1467
3830
1541
2355
1299
1677
3345
3488
5055
2006
1784
2025
2230
1909
5180
429
1077
2712
534
1938
912
2830
652
3359
1357
3487
2588
1306
5199
46
5005
2251
1593
5188
3941
1034
2191
2135
4135
3846
2724
3571
4368
2828
517
1649
3511
3382
1379
1680
4470
1217
4489
4337
4828
1799
2383
4594
4536
660
1779
1694
98
228
1962
1860
2420
385
1919
1710
668
4981
4797
2365
2684
1383
177
2813
3570
2972
1175
1297
3047
1283
3
4276
4477
3327
573
2321
4522
749
3624
3645
3077
3267
3290
3191
1990
3667
416
3853
2819
3760
3719
1588
756
4580
4395
4781
2921
5115
2836
4043
4595
1954
766
1417
4814
3080
91
486
4783
2178
1513
478
4315
1066
1491
3323
4823
3426
3411
4031
2489
4355
2516
3703
1162
6
3003
2046
3738
1702
4682
498
2789
383
3128
1722
3091
4524
2126
1727
4000
2243
2202
3022
4089
2524
4338
4163
4569
1712
4282
3095
5228
142
2891
3294
983
4496
2533
345
2461
2113
3438
881
3610
2699
5110
4103
584
2591
3799
1943
192
3997
4942
1522
3530
408
931
5151
5131
43
5305
2992
3756
4446
2070
732
3399
739
3654
2111
1000
1393
226
995
5068
4916
5343
300
5065
4998
1960
3046
5022
1782
1951
1842
4177
2566
1281
1203
2434
1247
3019
976
2596
3166
89
1224
1781
3279
2417
173
1492
5017
3508
398
3271
920
256
4275
1019
3162
4824
24
2237
4471
677
4497
4658
2484
611
437
5117
4125
4134
2561
86
3535
5267
156
4108
704
1441
4223
4626
1539
3417
95
3312
3349
4648
1123
259
4319
4666
3984
4864
1823
3217
2443
1734
3747
4553
4992
3207
1082
4382
4620
90
1684
2058
3023
3797
1778
1258
1806
2361
2423
4671
1349
4533
2755
4722
5253
3782
2485
1145
3696
5226
3208
547
1700
470
4334
299
401
829
4374
3066
3042
1584
1829
1769
3216
3763
397
1190
3503
5198
4914
798
4560
3588
5274
724
3137
1981
3633
2868
1602
27
1689
2412
338
480
2600
553
5332
3755
864
4566
370
777
362
2990
30
3577
1929
5270
1469
3449
1059
1634
4424
1431
3615
2910
4860
1002
3114
1718
1516
3664
4307
3082
4121
4973
3666
3905
5003
1940
2843
2438
5114
572
2075
220
4673
3214
102
3150
2009
1800
4096
126
607
2834
1170
2761
1619
2269
2553
2597
1937
2027
280
747
2406
3107
2913
402
2554
375
